15 -612
21 600
22 -568
24 923
31 553
41 -290
48 -169
51 59
55 -893
58 -807
60 -497
62 1649
63 -93
65 -838
71 -753
72 462
75 278
76 225
81 -560
83 76
88 187
101 681
103 -204
112 630
115 328
119 -371
128 -219
133 319
139 -736
140 166
143 -919
145 -563
155 -471
157 -794
164 -849
168 -116
173 -107
174 130
182 738
186 414
198 265
205 759
206 821
207 -251
210 -374
212 482
219 949
220 -581
224 31
226 -1224
233 -922
240 -556
241 959
242 723
246 -342
248 -109
256 -853
257 -839
258 649
259 -751
261 196
266 980
268 829
274 553
276 -344
277 -312
278 922
279 21
282 612
286 189
298 -160
304 766
308 -431
311 -689
320 -1134
326 -397
334 964
339 223
342 -218
355 -242
356 -175
357 -138
363 526
365 383
373 564
374 -773
385 -531
386 214
388 710
399 -560
409 -316
411 418
414 891
425 651
439 -187
448 -264
452 281
453 -622
454 -567
462 -126
464 560
468 177
475 -25
476 886
477 335
482 322
487 -702
489 -238
493 840
499 -896
501 -502
505 -878
507 228
512 -569
517 -916
523 -169
526 985
536 723
537 -146
541 -629
543 -797
544 511
546 275
552 896
553 -528
564 -764
565 995
566 -195
577 -1653
582 938
586 1689
588 -6
591 752
594 -564
597 197
600 -124
603 446
606 988
609 681
611 554
612 -369
614 464
618 -34
621 240
622 -563
633 -109
634 265
640 -858
641 -138
657 -411
666 703
668 85
684 195
686 -671
690 998
697 -382
698 375
703 290
704 -300
705 -931
708 -156
711 -297
718 -549
723 791
725 -424
730 -127
735 -287
737 -931
747 -844
755 -973
758 -1223
761 -108
767 -194
773 -177
775 68
781 -774
787 290
791 122
793 388
796 802
799 -617
803 -329
815 306
830 102
832 -446
833 743
845 510
846 811
852 39
856 983
864 769
867 634
868 353
869 -109
870 915
879 -854
885 825
888 -162
891 474
915 -450
917 70
931 413
936 344
937 73
941 -783
944 -114
947 522
948 -48
949 206
952 -297
955 -441
971 245
972 -996
976 -825
980 383
982 431
988 -608
993 -79
999 97
