22 -2973
37 116
40 -1809
88 -472
177 890
190 1844
227 -420
263 -598
355 -1935
395 -312
467 -2115
521 -1320
527 906
590 207
606 954
630 -780
641 826
672 -1478
675 -1098
736 -1161
781 -2094
824 -1806
825 1713
841 -927
856 -1902
915 2445
921 -2496
930 -306
966 -858
986 -789
994 597
1032 2232
1035 -2736
1149 2166
1162 2523
1184 387
1477 -621
1499 54
1562 -2484
1613 1497
1620 -537
1655 1926
1660 24
1700 -2307
1702 -2223
1830 18
1852 -1596
1903 1671
1908 -945
1931 -2046
1956 -840
1959 -1566
2025 -1251
2042 -2316
2050 -2766
2061 -906
2140 1743
2212 429
2247 2775
2253 -120
2302 1893
2312 1281
2318 -1059
2329 -2322
2336 -240
2343 2889
2431 -6
2475 2163
2561 1290
2593 654
2606 -1242
2645 2358
2730 -1191
2759 -1770
2774 1863
2789 456
2843 -1725
2895 1926
2908 -1518
2936 819
3001 738
3018 -2748
3184 -2469
3237 1437
3261 -3813
3266 -1314
3276 -2064
3289 2871
3348 -2109
3351 -261
3406 2511
3407 -1083
3425 2010
3456 -2994
3464 510
3517 -1449
3565 -1509
3682 1728
3698 2208
3749 2487
3781 -843
3857 -1674
3863 -1101
3867 -948
3885 537
3928 -1689
3977 -573
4004 -2148
4065 2040
4073 2418
4077 750
4115 2922
4153 -1146
4233 -2592
4258 -687
4393 816
4398 -1827
4444 1968
4466 1287
4518 -57
4529 -933
4535 -1665
4538 -1833
4547 -825
4551 621
4555 768
4657 777
4775 -2622
4801 -879
4836 1617
4904 -2145
4906 2412
4938 -270
4945 2364
4955 1434
4985 -2577
5031 2472
5041 2133
5122 -1479
5167 -180
5187 225
5189 1506
5283 -2070
5348 -1530
5400 1860
5404 984
5405 1371
5529 -2763
5533 -297
5573 -1803
5627 -2964
5687 -2439
5836 -2967
5862 1182
5863 -2070
5873 -2991
5933 -2784
6190 -1308
6196 -2862
6218 -114
6234 1284
6237 -1914
6253 306
6472 -2133
6535 -702
6570 1449
6598 -1500
6602 2619
6616 2313
6641 -786
6647 1401
6695 1170
6735 -1278
6750 1026
6829 2985
6843 -495
6851 -576
6875 -1284
6971 735
7039 2049
7054 531
7055 -2496
7088 585
7093 -2001
7119 387
7136 -471
7198 1755
7230 -702
7247 2832
7381 -2331
7408 168
7447 1272
7505 66
7540 -2070
7615 2616
7644 1245
7675 -1398
7683 747
7706 516
7723 1149
7763 -2313
7781 2115
7784 534
7785 -1173
7795 1884
7817 -2004
7834 -2874
7861 105
7876 -2559
7952 2538
7978 -1269
7980 1713
7990 -1227
8001 117
8105 -951
8110 -21
8136 -1821
8138 -627
8159 -1737
8213 -2727
8236 -2325
8314 2670
8347 2880
8451 -1812
8549 -231
8552 945
8558 -1077
8569 2676
8618 -504
8695 1068
8760 -1209
8788 1026
8823 1017
8828 2826
8834 1839
8835 -2943
8839 2235
8884 2544
8887 -222
8901 -2367
8904 -1767
8936 -1269
8977 -2454
9015 2415
9041 -357
9050 2355
9060 -2274
9089 2613
9153 957
9154 -291
9206 -495
9230 2823
9233 -2142
9236 -423
9266 -405
9283 306
9303 279
9360 2883
9418 1458
9477 75
9489 -171
9549 1482
9585 -138
9606 1086
9620 1830
9638 102
9649 708
9679 1038
9710 2955
9788 -1095
9817 -1113
9828 660
9829 1038
9903 -69
9992 -1758
