6 4415
7 -2085
18 8105
19 4500
23 2170
26 -515
27 -4555
30 -3755
32 -2025
36 140
38 -3680
43 490
44 -3880
45 -8705
48 1070
52 2840
53 5780
60 2010
64 -450
71 -3925
72 -3545
74 560
80 3785
82 690
83 2540
89 4755
97 1555
105 -4655
106 3655
107 4225
110 -1465
111 2260
115 -3870
117 -3410
118 -2125
123 3250
128 1390
129 -2925
132 -995
140 -4940
145 3835
149 2580
152 4375
153 2745
155 2710
156 -4690
160 1670
172 -635
176 3550
178 -1270
190 1145
193 3750
194 -4135
196 -4025
197 1890
202 -4110
203 -1705
205 2460
209 3400
211 4650
215 3005
218 -4365
222 1810
226 1650
227 -390
228 -2625
230 -4245
233 -4890
236 3940
240 -2825
241 -2870
242 -4185
246 -1055
264 665
265 960
267 -345
268 -4745
271 -4870
276 1660
277 3530
279 -445
280 -1475
282 1300
285 1470
286 2535
289 4670
294 1340
295 2040
298 4310
304 -4700
309 4915
311 -140
313 -3060
317 1210
318 1750
322 -4600
329 -2150
331 -3635
332 -2855
336 -1850
337 3570
338 3210
342 -465
345 4920
346 3590
348 -4335
353 110
359 3395
360 4680
361 -4100
362 -4700
370 -3535
373 -2700
379 -3380
385 7080
387 -4895
392 -590
393 -2525
397 3990
398 -3575
399 -3740
412 -3085
414 4385
417 555
420 -595
424 2630
427 1450
428 2610
429 4040
431 395
432 1760
434 -2660
436 -4805
438 1990
439 -3810
440 -3175
441 2220
446 3645
452 2210
454 -3465
460 -4270
469 905
476 -210
477 -1430
479 -4970
481 -2425
486 -4960
487 -3390
489 -4860
496 4775
498 2275
499 -3005
509 -1130
513 -2475
515 3255
517 3715
518 1020
519 4740
524 1115
526 -2055
527 1775
531 4265
533 -865
534 -4645
535 4450
537 -3185
539 2995
540 1180
542 5510
544 3345
548 570
550 2815
551 -155
560 4185
561 4945
563 2510
565 615
567 235
569 -1085
577 -790
581 -4815
582 -1265
585 -265
586 3520
587 -1625
593 -3800
595 -2475
604 -4520
608 -530
614 -1170
619 2235
622 660
624 135
625 4760
636 -1815
638 75
639 -4790
641 -2630
645 -2635
649 4075
651 -1215
652 -1550
653 370
656 2105
665 -1925
668 2045
675 -4875
678 -3510
689 -2145
691 -2620
695 -1080
701 -2945
705 4055
707 -3525
708 -3245
709 2060
710 -580
715 625
723 145
727 4600
728 -2460
733 -2360
734 -4630
735 -2040
737 1785
739 3970
740 385
742 -625
744 2720
746 2095
748 3945
752 3345
754 -3085
757 -2035
760 2865
761 4810
762 -2025
764 -4455
766 4050
774 -1920
776 -4115
778 -405
785 -55
788 4430
793 -1940
794 3175
797 -3085
799 -4255
807 1555
808 -3845
809 -505
814 9525
816 4020
817 4235
825 -2485
826 2015
827 4750
830 -8650
833 11070
834 -610
840 -3270
842 -2950
849 1995
850 4710
853 4745
854 2720
860 -4405
863 -955
868 2755
870 3215
872 380
876 -2675
881 -4760
889 1310
890 1765
895 2135
896 -3050
906 475
907 8910
910 1735
915 -3075
917 -3070
919 -3255
924 -3610
925 1995
927 2470
928 -535
931 2505
934 -2875
936 1035
937 155
942 -4360
943 -4490
946 -2290
947 -930
948 3350
953 -1915
956 -4355
958 -4540
959 -1290
975 1180
979 3130
982 -2545
983 2590
991 -2360
994 -4275
999 -2565
