6 883
7 -417
18 1621
19 900
23 434
26 -103
27 -911
30 -751
32 -405
36 28
38 -736
43 98
44 -776
45 -1741
48 214
52 568
53 1156
60 402
64 -90
71 -785
72 -709
74 112
80 757
82 138
83 508
89 951
97 311
105 -931
106 731
107 845
110 -293
111 452
115 -774
117 -682
118 -425
123 650
128 278
129 -585
132 -199
140 -988
145 767
149 516
152 875
153 549
155 542
156 -938
160 334
172 -127
176 710
178 -254
190 229
193 750
194 -827
196 -805
197 378
202 -822
203 -341
205 492
209 680
211 930
215 601
218 -873
222 362
226 330
227 -78
228 -525
230 -849
233 -978
236 788
240 -565
241 -574
242 -837
246 -211
264 133
265 192
267 -69
268 -949
271 -974
276 332
277 706
279 -89
280 -295
282 260
285 294
286 507
289 934
294 268
295 408
298 862
304 -940
309 983
311 -28
313 -612
317 242
318 350
322 -920
329 -430
331 -727
332 -571
336 -370
337 714
338 642
342 -93
345 984
346 718
348 -867
353 22
359 679
360 936
361 -820
362 -940
370 -707
373 -540
379 -676
385 1416
387 -979
392 -118
393 -505
397 798
398 -715
399 -748
412 -617
414 877
417 111
420 -119
424 526
427 290
428 522
429 808
431 79
432 352
434 -532
436 -961
438 398
439 -762
440 -635
441 444
446 729
452 442
454 -693
460 -854
469 181
476 -42
477 -286
479 -994
481 -485
486 -992
487 -678
489 -972
496 955
498 455
499 -601
509 -226
513 -495
515 651
517 743
518 204
519 948
524 223
526 -411
527 355
531 853
533 -173
534 -929
535 890
537 -637
539 599
540 236
542 1102
544 669
548 114
550 563
551 -31
560 837
561 989
563 502
565 123
567 47
569 -217
577 -158
581 -963
582 -253
585 -53
586 704
587 -325
593 -760
595 -495
604 -904
608 -106
614 -234
619 447
622 132
624 27
625 952
636 -363
638 15
639 -958
641 -526
645 -527
649 815
651 -243
652 -310
653 74
656 421
665 -385
668 409
675 -975
678 -702
689 -429
691 -524
695 -216
701 -589
705 811
707 -705
708 -649
709 412
710 -116
715 125
723 29
727 920
728 -492
733 -472
734 -926
735 -408
737 357
739 794
740 77
742 -125
744 544
746 419
748 789
752 669
754 -617
757 -407
760 573
761 962
762 -405
764 -891
766 810
774 -384
776 -823
778 -81
785 -11
788 886
793 -388
794 635
797 -617
799 -851
807 311
808 -769
809 -101
814 1905
816 804
817 847
825 -497
826 403
827 950
830 -1730
833 2214
834 -122
840 -654
842 -590
849 399
850 942
853 949
854 544
860 -881
863 -191
868 551
870 643
872 76
876 -535
881 -952
889 262
890 353
895 427
896 -610
906 95
907 1782
910 347
915 -615
917 -614
919 -651
924 -722
925 399
927 494
928 -107
931 501
934 -575
936 207
937 31
942 -872
943 -898
946 -458
947 -186
948 670
953 -383
956 -871
958 -908
959 -258
975 236
979 626
982 -509
983 518
991 -472
994 -855
999 -513
