6 947
28 -12502
30 -660
32 -2540
56 5558
58 978
103 -1940
107 -784
123 -2496
124 -11796
134 -9324
140 -10527
145 3132
161 4998
167 608
173 96
176 3135
184 11746
189 5306
191 -6952
219 648
232 6566
233 -12740
255 10528
261 -1740
284 -3136
292 1932
320 3612
325 3588
351 -488
358 -3000
372 -10668
375 10656
406 -12474
409 -1666
415 4499
449 3729
453 11032
467 6020
473 3180
477 -2332
484 -6510
490 6660
526 -5863
532 8274
543 7605
547 10822
548 12
566 2956
574 116
578 10413
623 -10710
641 2574
661 -12922
684 2032
685 3116
696 10200
704 11460
717 -12493
742 3744
745 7332
765 13720
767 5748
786 -11336
790 3924
805 -1552
815 -460
822 682
824 -1504
851 880
883 -1960
884 9144
903 4004
907 -4730
927 -2492
943 7656
963 3944
974 -8448
975 340
977 13462
990 -9632
